name: ipex
channels:
  - conda-forge
  - defaults
dependencies:
  - asttokens=3.0.0=pyhd8ed1ab_1
  - bzip2=1.0.8=h2bbff1b_6
  - ca-certificates=2025.6.15=h4c7d964_0
  - colorama=0.4.6=pyhd8ed1ab_1
  - comm=0.2.2=pyhd8ed1ab_1
  - cpython=3.13.5=py313hd8ed1ab_102
  - debugpy=1.8.14=py313h5813708_0
  - decorator=5.2.1=pyhd8ed1ab_0
  - exceptiongroup=1.3.0=pyhd8ed1ab_0
  - executing=2.2.0=pyhd8ed1ab_0
  - expat=2.7.1=h8ddb27b_0
  - importlib-metadata=8.7.0=pyhe01879c_1
  - ipykernel=6.29.5=pyh4bbf305_0
  - ipython=9.3.0=pyh6be1c34_0
  - ipython_pygments_lexers=1.1.1=pyhd8ed1ab_0
  - jedi=0.19.2=pyhd8ed1ab_1
  - jupyter_client=8.6.3=pyhd8ed1ab_1
  - jupyter_core=5.8.1=pyh5737063_0
  - krb5=1.21.3=hdf4eb48_0
  - libffi=3.4.4=hd77b12b_1
  - libmpdec=4.0.0=h827c3e9_0
  - libsodium=1.0.20=hc70643c_0
  - matplotlib-inline=0.1.7=pyhd8ed1ab_1
  - nest-asyncio=1.6.0=pyhd8ed1ab_1
  - openssl=3.5.0=ha4e3fda_1
  - packaging=25.0=pyh29332c3_1
  - parso=0.8.4=pyhd8ed1ab_1
  - pickleshare=0.7.5=pyhd8ed1ab_1004
  - pip=25.1=pyhc872135_2
  - platformdirs=4.3.8=pyhe01879c_0
  - prompt-toolkit=3.0.51=pyha770c72_0
  - psutil=7.0.0=py313ha7868ed_0
  - pure_eval=0.2.3=pyhd8ed1ab_1
  - pygments=2.19.1=pyhd8ed1ab_0
  - python=3.13.5=h286a616_100_cp313
  - python-dateutil=2.9.0.post0=pyhff2d567_1
  - python_abi=3.13=0_cp313
  - pywin32=307=py313h5813708_3
  - pyzmq=27.0.0=py313h2100fd5_0
  - setuptools=78.1.1=py313haa95532_0
  - six=1.17.0=pyhd8ed1ab_0
  - sqlite=3.45.3=h2bbff1b_0
  - stack_data=0.6.3=pyhd8ed1ab_1
  - tk=8.6.14=h5e9d12e_1
  - tornado=6.5.1=py313ha7868ed_0
  - traitlets=5.14.3=pyhd8ed1ab_1
  - typing_extensions=4.14.0=pyhe01879c_0
  - tzdata=2025b=h04d1e81_0
  - ucrt=10.0.22621.0=h57928b3_1
  - vc=14.42=haa95532_5
  - vc14_runtime=14.42.34438=hfd919c2_26
  - vs2015_runtime=14.42.34438=h7142326_26
  - wcwidth=0.2.13=pyhd8ed1ab_1
  - wheel=0.45.1=py313haa95532_0
  - xz=5.6.4=h4754444_1
  - zeromq=4.3.5=ha9f60a1_7
  - zipp=3.23.0=pyhd8ed1ab_0
  - zlib=1.2.13=h8cc25b3_1
  - pip:
      - absl-py==2.3.0
      - certifi==2025.6.15
      - charset-normalizer==3.4.2
      - dpcpp-cpp-rt==2025.0.5
      - filelock==3.13.1
      - fsspec==2024.6.1
      - grpcio==1.73.0
      - huggingface-hub==0.33.0
      - idna==3.10
      - intel-cmplr-lib-rt==2025.0.5
      - intel-cmplr-lib-ur==2025.0.5
      - intel-cmplr-lic-rt==2025.0.5
      - intel-extension-for-pytorch==2.7.10+xpu
      - intel-opencl-rt==2025.0.5
      - intel-openmp==2025.0.5
      - intel-pti==0.10.1
      - intel-sycl-rt==2025.0.5
      - jinja2==3.1.4
      - markdown==3.8.2
      - markupsafe==2.1.5
      - mkl==2025.0.1
      - mkl-dpcpp==2025.0.1
      - mpmath==1.3.0
      - networkx==3.3
      - numpy==2.1.2
      - onemkl-sycl-blas==2025.0.1
      - onemkl-sycl-datafitting==2025.0.1
      - onemkl-sycl-dft==2025.0.1
      - onemkl-sycl-lapack==2025.0.1
      - onemkl-sycl-rng==2025.0.1
      - onemkl-sycl-sparse==2025.0.1
      - onemkl-sycl-stats==2025.0.1
      - onemkl-sycl-vm==2025.0.1
      - pillow==11.0.0
      - protobuf==6.31.1
      - pytorch-triton-xpu==3.3.0
      - pyyaml==6.0.2
      - regex==2024.11.6
      - requests==2.32.4
      - ruamel-yaml==0.18.14
      - ruamel-yaml-clib==0.2.12
      - safetensors==0.5.3
      - standard-imghdr==3.13.0
      - sympy==1.13.3
      - tbb==2022.1.0
      - tcmlib==1.2.0
      - tensorboard==2.19.0
      - tensorboard-data-server==0.7.2
      - tokenizers==0.21.1
      - torch==2.7.0+xpu
      - torchaudio==2.7.0+xpu
      - torchvision==0.22.0+xpu
      - tqdm==4.67.1
      - transformers==4.52.4
      - typing-extensions==4.12.2
      - umf==0.9.1
      - urllib3==2.4.0
      - werkzeug==3.1.3
prefix: C:\ProgramData\anaconda3\envs\ipex
